0
0
0
0
0
0
0
0
0
0
0
0
0
0
0
0
0
0
0
0
0
2
1
2
1
2
1
2
1
2
1
2
1
1
2
3
3
3
3
3
3
3
3
3
4
4
4
4
4
4
4
4
1
1
5
6
7
7
7
7
7
8
7
7
7
7
7
9
7
10
7
8
7
7
11
8
9
0
0
12
12
12
12
12
13
13
13
13
13
1
1
1
1
1
1
12
14
15
15
15
15
15
15
15
15
15
15
15
15
14
14
14
14
14
14
14
14
14
14
14
16
16
16
16
16
16
16
16
16
16
16
16
16
16
16
16
16
16
16
16
16
16
16
16
16
16
16
16
16
16
16
16
17
17
17
17
17
18
1
1
1
1
1
0
0
0
0
0
0
0
0
0
0
0
0
0
0
0
0
19
20
0
0
0
0
0
0
21
21
21
22
23
21
21
21
22
24
24
24
24
24
24
24
24
24
24
24
24
24
24
24
24
24
24
24
24
24
24
24
24
24
24
24
24
24
24
24
24
24
24
24
25
25
25
25
25
26
25
26
26
25
25
26
25
25
25
25
25
25
25
26
26
26
26
26
26
26
26
26
26
26
0
0
0
0
0
0
0
0
27
27
27
27
27
27
27
27
27
27
27
27
0
0
0
0
0
0
0
0
28
28
28
28
28
28
28
28
28
28
28
28
29
29
29
29
29
29
29
29
30
31
31
30
32
31
30
33
30
33
30
30
34
35
34
30
30
30
30
31
33
30
30
33
33
30
33
30
30
35
30
30
31
30
30
30
31
30
31
31
31
33
33
33
30
30
30
34
33
33
34
30
30
30
32
31
30
31
32
32
30
30
30
34
35
33
32
32
31
32
31
34
31
30
30
30
30
31
30
30
32
34
32
30
35
34
32
31
34
30
30
30
30
30
30
30
30
30
30
30
30
30
30
30
30
30
30
30
30
30
30
30
30
30
30
30
30
30
30
30
30
30
30
30
30
30
30
30
30
30
30
30
30
30
30
30
30
30
32
32
32
33
33
33
33
33
33
33
31
31
33
33
33
33
33
33
31
31
31
31
31
31
31
31
31
31
31
31
35
35
35
33
33
33
31
31
31
35
35
31
31
31
31
31
31
33
33
33
31
31
31
31
33
33
33
31
31
33
33
33
33
0
0
0
0
0
0
0
0
0
0
0
36
37
0
0
0
38
36
37
0
0
0
0
0
0
0
0
0
0
0
0
0
0
0
0
0
0
0
38
0
0
0
0
39
39
0
0
0
0
0
0
0
0
0
0
0
0
0
0
0
0
0
0
0
0
0
0
0
0
0
0
0
0
0
0
0
0
0
0
0
0
0
0
0
0
0
0
0
0
0
0
0
0
0
0
0
0
0
0
0
0
0
0
0
0
0
0
0
0
0
0
0
40
0
0
41
0
0
40
41
0
0
0
0
0
0
0
0
0
0
0
0
0
0
0
0
0
0
0
0
0
0
0
0
0
0
0
0
0
0
0
0
0
0
0
0
0
0
0
0
0
0
0
0
0
0
0
0
0
0
0
0
0
0
0
0
0
0
42
43
42
43
44
44
1
1
0
0
0
0
0
0
0
0
0
0
1
1
1
1
1
1
1
1
45
45
45
45
45
45
45
45
45
45
46
45
47
45
45
46
48
45
45
45
48
48
48
46
45
45
45
46
45
46
45
48
46
48
46
46
45
45
46
46
47
45
45
46
48
48
46
46
46
1
1
1
1
49
49
49
0
0
0
0
0
0
0
0
50
50
51
51
52
52
53
53
54
54
55
55
56
56
57
57
58
58
59
59
60
60
60
60
0
0
0
0
28
28
28
28
28
28
0
0
0
0
0
0
0
0
0
0
0
0
0
0
0
0
0
0
0
0
0
0
0
0
0
0
0
0
0
0
0
61
62
26
26
26
26
25
25
25
63
63
63
63
63
62
62
64
65
66
67
62
61
64
61
68
69
70
71
61
72
73
66
71
62
61
61
67
68
61
69
65
69
71
69
74
64
70
73
62
62
75
64
61
74
64
70
65
66
65
66
66
62
66
74
69
64
68
65
76
65
65
65
65
75
76
75
65
67
73
66
76
68
61
61
72
73
76
72
65
77
77
77
77
72
64
75
78
78
79
79
0
0
0
0
0
0
0
0
0
0
0
0
0
0
0
0
0
0
0
0
0
0
0
0
0
0
0
0
0
0
0
0
0
0
0
0
0
0
0
0
0
0
0
0
0
0
0
0
0
0
0
0
0
0
0
0
0
0
0
0
0
0
0
0
0
0
0
0
0
0
0
0
0
0
0
0
0
0
0
0
0
0
0
0
0
0
0
0
0
0
0
0
0
0
0
0
0
0
0
0
0
0
80
80
1
80
80
1
80
80
80
80
80
1
80
1
80
1
80
1
80
80
80
80
80
80
80
80
80
80
80
80
80
1
1
80
80
80
80
1
80
80
1
80
80
80
80
1
80
80
80
1
1
80
80
80
80
80
80
0
0
0
0
81
81
81
81
81
81
81
81
81
81
81
81
81
81
81
81
81
81
81
81
81
81
81
81
81
81
81
81
81
81
81
81
81
81
81
81
81
81
81
81
81
81
81
81
81
81
81
81
81
81
81
81
81
81
81
81
81
81
81
81
81
81
81
81
81
81
81
81
81
81
81
81
81
81
81
81
81
81
81
81
81
81
81
81
81
81
81
81
81
81
81
81
81
81
81
81
81
81
81
0
82
82
82
82
82
82
82
82
0
0
0
0
0
0
0
0
0
0
0
0
0
0
83
83
83
83
83
83
83
83
83
83
83
83
83
83
83
83
83
83
83
83
83
83
83
83
83
83
83
83
83
83
83
83
83
83
83
83
1
1
40
40
40
40
40
40
40
40
40
40
40
40
40
40
40
40
40
40
40
40
40
40
40
40
40
40
40
40
40
40
40
40
40
40
40
40
84
84
84
84
84
84
84
84
84
84
84
84
84
84
84
84
84
84
84
84
85
85
85
85
85
85
85
85
85
85
85
85
85
85
85
85
85
85
85
85
85
86
86
86
86
86
86
86
86
86
86
86
86
86
86
86
86
86
86
86
86
86
86
86
86
86
86
86
86
86
86
86
86
86
86
86
86
86
86
86
86
86
86
86
86
86
1
1
1
1
1
1
1
1
1
1
1
1
0
0
0
0
0
1
1
1
1
1
1
87
87
87
87
88
88
88
87
88
88
88
88
88
88
88
88
88
88
0
0
0
0
0
0
0
0
0
0
0
0
0
0
0
0
0
0
0
0
0
0
0
0
0
0
0
0
0
0
0
0
0
0
0
0
0
0
0
0
0
0
0
0
0
0
0
0
0
0
0
0
0
0
0
0
0
0
0
0
0
0
0
0
0
0
0
0
0
0
0
0
0
0
0
0
0
0
0
0
0
0
0
0
0
0
0
0
0
0
0
0
0
0
0
0
0
0
0
0
0
0
0
0
0
0
0
0
89
89
90
89
90
90
90
90
90
91
89
90
90
90
89
89
90
90
90
90
90
90
89
90
90
90
90
89
89
90
90
90
90
90
90
91
89
89
90
90
90
89
90
90
90
89
89
90
90
90
90
90
90
90
90
90
89
90
90
90
90
90
89
90
89
89
89
89
90
89
89
91
91
91
89
90
91
90
91
90
89
90
90
90
90
89
90
90
90
90
90
90
90
90
90
90
89
90
90
91
90
90
90
90
90
89
90
90
90
90
90
90
90
90
90
90
90
90
89
89
90
90
90
90
89
90
90
89
89
90
90
90
90
90
90
90
90
90
90
90
90
90
90
90
90
89
90
90
91
89
90
89
90
90
89
90
90
91
90
90
90
90
90
90
90
90
90
90
90
90
90
90
90
90
90
90
91
90
90
90
90
91
90
91
90
90
90
90
90
91
90
90
90
90
90
90
89
91
91
90
90
90
90
90
90
90
90
90
90
91
91
90
90
90
90
90
90
90
90
90
90
92
92
92
92
92
92
93
93
93
93
93
93
93
93
93
93
93
93
93
93
93
93
93
93
93
93
93
93
93
0
94
95
95
94
95
95
95
94
96
94
96
94
95
95
97
94
95
96
96
95
95
95
95
94
97
95
97
95
97
96
96
95
97
95
94
95
94
94
95
97
95
95
97
96
94
97
95
94
95
97
95
97
94
97
95
95
96
95
96
97
95
94
97
97
97
95
97
96
96
95
97
97
97
95
95
94
95
97
95
95
94
95
97
97
95
95
97
95
95
95
96
94
97
96
97
95
97
94
97
97
94
95
96
97
95
95
95
95
94
95
95
97
97
96
97
97
94
97
96
95
94
95
96
96
94
96
95
95
95
95
96
96
94
94
94
94
97
95
94
95
94
94
96
94
96
96
94
95
97
95
97
95
94
95
95
94
96
95
94
98
98
98
98
98
98
0
0
0
0
0
0
0
0
0
0
0
0
0
0
0
0
0
0
0
0
0
0
0
0
94
94
94
94
94
94
94
94
94
94
94
94
94
94
94
94
94
94
94
94
94
94
94
94
94
94
94
94
94
94
94
94
94
94
94
94
94
94
94
94
94
94
94
94
94
94
94
94
94
94
94
94
94
94
94
94
94
94
94
94
94
94
94
94
94
94
94
94
94
94
94
94
94
94
94
94
94
94
94
94
94
94
94
94
94
94
94
94
94
94
94
94
94
94
94
94
94
94
94
94
94
94
94
94
94
94
94
94
94
94
94
94
94
94
94
94
94
94
94
94
94
94
94
94
94
94
94
94
94
94
94
94
94
94
94
94
94
94
94
94
94
94
94
94
94
94
94
94
94
94
94
94
94
94
94
94
94
94
94
94
94
94
94
94
94
94
94
94
94
94
94
94
94
94
94
94
94
94
94
94
94
94
94
94
94
94
94
94
94
94
94
94
94
94
94
94
94
94
94
94
94
94
94
94
94
94
94
94
94
94
94
94
94
94
94
94
94
94
94
94
94
94
94
94
94
94
94
94
94
94
94
94
94
94
94
94
94
94
94
94
94
94
94
94
94
94
94
94
94
99
99
99
99
99
99
100
100
0
100
100
0
0
0
100
100
0
100
0
100
100
0
0
0
101
0
101
102
102
102
102
102
0
0
0
0
0
0
0
0
0
0
0
0
0
0
0
0
0
0
0
0
0
0
0
0
0
0
0
0
0
0
0
0
0
0
0
0
0
0
0
0
0
0
0
0
0
0
0
0
0
0
0
0
0
0
0
0
0
0
0
0
0
0
0
0
0
0
0
0
0
0
0
0
0
0
0
0
0
0
0
0
0
0
0
0
0
0
0
0
0
0
0
0
0
0
0
0
0
0
0
0
0
0
0
0
0
0
0
0
0
0
0
0
0
0
0
0
0
0
0
0
0
0
0
0
0
0
0
0
0
0
0
0
0
0
0
0
0
0
0
0
0
0
0
0
0
0
0
0
0
0
0
0
0
0
0
0
0
0
0
0
0
0
0
0
0
0
0
0
0
0
0
0
0
0
0
0
0
0
0
0
0
0
0
0
0
0
0
0
0
0
0
0
0
0
0
0
0
0
0
0
0
0
0
0
0
0
0
0
0
0
0
0
0
0
0
0
0
0
0
0
0
0
0
0
0
0
0
0
0
0
0
0
0
0
0
0
0
0
0
0
0
0
0
0
0
0
0
0
0
0
0
0
0
0
0
0
0
0
0
0
0
0
0
0
0
0
0
0
0
0
0
0
0
0
0
0
0
0
0
0
0
0
0
0
0
0
0
0
0
0
0
0
0
0
0
0
0
0
0
0
0
0
0
0
0
0
0
0
0
0
0
0
0
0
0
0
0
0
0
0
0
0
0
0
0
0
0
0
0
0
0
0
0
0
0
0
0
0
0
0
0
0
0
0
0
0
0
0
101
0
101
0
101
101
103
104
104
104
103
104
103
104
104
104
104
103
103
104
104
104
104
104
105
105
105
105
105
105
105
105
105
105
105
105
105
105
105
105
105
105
105
105
105
104
0
101
0
101
0
106
106
106
106
106
106
106
106
106
106
106
106
106
106
106
106
106
106
106
106
106
106
106
106
106
106
106
106
106
106
0
0
0
0
0
0
0
0
0
0
0
0
0
0
0
0
0
0
0
0
0
0
0
0
0
0
0
0
0
0
0
106
106
106
106
106
106
106
106
106
106
0
0
0
0
0
0
0
0
0
0
0
101
0
0
0
107
107
107
107
107
107
0
0
0
0
0
0
0
0
0
0
0
0
0
0
0
0
0
0
0
0
0
108
108
108
108
108
108
108
108
108
108
108
108
108
108
108
108
108
108
108
108
108
0
0
0
0
0
109
109
109
109
109
109
109
109
109
110
110
110
110
110
110
110
110
110
110
110
110
0
0
0
0
0
0
0
0
0
0
0
0
0
0
0
0
0
0
0
0
0
111
111
111
111
111
111
111
111
111
111
111
111
111
111
111
111
111
111
111
111
111
111
111
111
111
111
111
111
111
111
111
111
111
111
0
0
0
0
0
0
0
0
0
0
0
0
0
0
0
0
0
0
0
0
0
0
0
112
112
112
112
112
112
112
112
112
112
112
112
112
112
112
112
112
112
65
65
65
65
65
65
65
65
65
65
0
0
0
0
0
0
0
0
0
0
0
0
0
0
113
113
113
113
113
113
113
113
113
113
113
113
113
113
113
113
113
114
114
113
113
113
113
113
113
113
114
114
114
114
114
114
114
114
114
114
114
114
114
114
114
114
114
114
114
114
114
114
114
114
114
114
114
114
114
114
114
114
114
114
114
114
114
114
114
114
114
114
114
114
114
114
114
114
114
114
114
114
114
114
114
114
114
114
114
114
114
114
114
114
114
114
114
114
114
114
114
114
114
114
114
114
114
114
114
114
114
114
114
114
114
114
114
114
114
114
114
114
114
114
114
114
114
114
114
114
114
114
114
114
114
114
114
114
114
114
114
114
114
114
114
114
114
114
114
114
114
114
114
114
114
114
114
114
114
114
114
114
114
114
114
114
114
114
114
114
114
114
114
114
114
114
114
114
114
114
114
114
114
114
114
114
114
114
114
114
114
114
114
114
114
114
114
114
114
114
114
114
114
114
114
114
114
114
114
114
114
114
114
114
114
114
114
114
114
114
114
114
114
114
114
114
114
114
114
114
114
114
114
114
114
114
114
114
114
114
114
114
114
114
114
114
114
114
114
114
114
114
114
114
114
114
114
114
114
114
114
114
114
114
114
114
114
114
114
114
114
114
114
114
114
114
114
114
114
114
114
114
114
114
114
114
114
114
114
114
114
114
114
114
114
114
114
114
114
114
114
114
114
114
114
114
114
114
114
114
114
114
114
114
114
114
114
114
114
114
114
115
115
115
115
115
115
115
115
115
115
115
115
0
115
0
0
0
0
0
115
115
115
115
0
115
115
115
115
0
0
115
116
116
116
116
116
116
116
116
116
116
117
117
117
118
118
118
118
118
118
0
0
0
0
0
0
0
0
0
0
0
0
0
0
0
0
0
0
0
0
0
0
0
0
0
0
0
0
0
0
0
0
0
0
0
0
0
0
0
0
0
0
0
119
119
119
119
119
119
119
119
60
60
60
60
60
60
60
60
0
0
0
0
0
0
0
0
0
0
0
0
0
0
0
0
0
0
0
0
0
0
0
0
0
0
0
0
0
0
0
0
0
120
120
120
120
120
120
120
120
120
120
120
120
120
120
120
0
0
0
0
0
0
0
0
121
121
121
121
121
121
121
121
121
121
121
121
121
121
121
121
121
121
121
121
121
121
121
121
121
121
121
121
121
121
121
121
121
121
121
121
121
121
121
121
121
121
121
121
121
121
121
121
121
122
122
122
122
122
122
122
122
122
123
123
123
123
123
123
123
123
123
123
124
124
124
124
124
124
124
124
124
124
0
0
0
0
100
100
100
100
100
0
0
0
0
0
0
0
0
0
0
0
0
0
0
0
125
125
125
125
125
125
125
125
125
125
125
125
125
125
125
125
125
125
125
125
125
125
125
125
125
125
125
125
125
125
0
0
126
0
126
126
126
0
126
0
126
0
126
126
127
127
127
127
127
127
127
127
127
127
128
128
128
128
129
129
129
129
129
129
129
128
128
128
128
128
128
130
130
130
128
128
128
131
128
128
130
128
130
128
128
128
128
0
0
0
0
0
0
0
0
0
0
0
0
132
133
132
133
132
133
133
133
133
133
133
133
133
133
133
133
132
133
132
132
132
132
132
132
133
0
0
0
0
0
0
0
0
0
0
0
0
0
0
0
0
0
0
0
0
0
0
0
0
0
0
0
0
0
0
0
0
0
0
0
0
0
0
0
0
0
0
0
0
0
0
0
0
0
0
0
0
0
0
0
0
0
0
0
0
134
0
0
0
0
0
0
0
0
134
134
0
0
134
0
134
0
0
0
0
0
0
0
0
0
0
0
0
0
134
134
0
0
0
135
136
102
102
137
137
102
136
135
136
102
136
136
0
0
0
0
0
0
138
138
138
138
138
138
0
0
0
139
139
139
139
139
139
139
139
139
139
139
139
139
139
139
139
139
139
139
139
139
139
0
0
0
0
0
0
0
140
141
142
143
144
144
144
144
144
144
144
144
144
144
144
144
144
145
145
146
146
146
146
146
0
0
0
0
0
0
0
0
0
147
148
148
148
148
148
148
148
148
148
147
148
148
148
148
148
148
148
148
148
147
147
147
147
147
147
147
147
147
147
147
147
147
147
147
147
147
147
147
147
147
147
0
0
0
0
149
149
149
149
149
149
149
149
149
149
149
149
149
149
149
149
149
149
150
150
150
150
150
150
150
150
150
150
0
0
0
0
0
0
0
0
0
0
0
0
0
0
0
0
0
0
0
0
0
0
0
0
0
0
0
0
0
0
0
0
0
0
0
0
0
0
0
151
151
151
151
151
151
151
151
151
151
151
151
151
151
151
151
151
151
151
151
151
151
151
151
151
151
151
0
0
0
0
0
0
0
0
0
0
0
0
0
0
0
0
0
0
0
0
0
0
0
0
0
0
0
0
0
0
0
0
0
0
0
0
0
0
0
0
0
0
0
0
0
0
0
0
0
0
0
0
0
0
0
0
0
0
0
0
0
0
0
0
0
0
0
0
0
0
0
0
0
0
0
0
0
0
0
152
152
0
0
0
0
0
0
153
153
0
0
153
0
0
153
153
153
0
153
153
153
0
0
0
0
0
0
0
0
0
0
0
0
0
0
0
0
0
0
0
0
0
0
0
0
0
0
0
0
0
0
0
0
0
0
0
0
154
80
80
80
80
80
80
80
80
80
80
80
80
80
80
80
80
80
80
80
0
0
0
0
0
0
0
0
0
0
0
0
0
0
0
0
155
156
156
156
156
156
155
155
157
157
157
157
157
157
157
157
157
157
157
157
157
157
157
157
157
157
0
0
0
0
0
0
0
0
0
0
0
0
0
0
0
0
0
0
0
0
0
0
0
0
0
0
146
146
146
146
146
146
146
146
146
146
146
146
146
146
146
146
146
146
146
146
146
146
146
146
146
146
146
0
146
0
146
146
146
146
0
146
146
146
146
146
146
146
146
146
146
146
0
146
158
158
158
158
158
0
0
0
159
159
159
159
159
159
159
159
0
160
160
160
160
160
160
160
160
160
0
0
0
0
0
0
0
0
0
161
161
161
0
149
149
149
149
149
149
149
149
149
149
149
149
149
149
149
149
149
149
149
149
149
149
149
149
149
149
149
149
149
149
149
149
149
149
149
149
149
149
149
149
149
149
149
149
149
149
149
149
149
149
149
149
149
149
149
149
149
149
149
149
149
149
149
149
149
149
149
149
149
149
149
149
149
149
149
149
149
149
149
149
149
149
149
149
149
149
149
149
149
149
149
149
149
149
149
149
149
149
149
149
149
149
149
149
149
149
149
149
149
149
149
149
149
149
149
149
149
149
149
149
149
0
0
0
0
0
0
0
0
0
0
0
0
0
0
0
0
0
0
0
0
0
0
0
0
0
0
0
0
0
0
0
0
0
0
0
0
0
0
0
0
0
0
0
0
0
0
0
0
0
0
0
0
0
0
0
0
162
0
162
139
139
139
139
139
139
0
139
0
40
40
40
40
40
40
40
40
40
40
40
40
40
40
40
40
40
40
163
163
163
163
163
163
163
163
0
0
0
0
0
0
0
0
0
164
165
164
165
164
165
164
164
165
166
164
167
168
169
165
164
165
165
164
165
170
165
169
166
168
164
168
165
165
166
165
165
166
164
164
164
165
165
170
165
164
0
171
0
171
0
171
0
171
171
0
172
172
172
172
172
172
172
172
172
172
172
172
172
172
172
172
172
172
172
172
172
172
172
172
172
172
172
172
172
172
172
172
172
172
172
172
172
172
172
172
172
172
172
172
172
172
172
172
172
172
172
172
172
172
172
172
172
172
172
172
172
172
172
172
172
172
172
172
172
172
172
172
172
172
172
172
172
172
172
172
172
172
172
172
172
172
172
172
172
172
172
172
172
172
172
172
172
172
172
172
172
0
0
0
0
0
0
0
0
0
0
0
0
0
0
0
0
0
0
0
0
0
0
0
0
0
0
0
0
0
0
0
0
0
0
0
0
0
0
0
0
0
0
0
0
0
0
0
0
0
0
0
0
0
0
0
173
174
174
174
174
174
174
174
174
174
175
175
175
175
175
0
0
0
0
0
0
0
0
173
173
173
173
176
176
176
176
176
176
176
176
176
103
103
103
103
103
175
175
175
175
175
177
177
177
177
177
177
177
177
178
178
178
178
178
178
178
0
0
0
176
0
0
0
0
0
179
179
179
179
179
180
180
180
180
0
0
0
0
0
0
0
0
0
181
181
181
181
181
181
181
181
0
0
0
0
0
0
0
0
0
0
0
0
0
0
0
0
94
94
94
94
94
94
94
94
94
94
94
94
94
94
94
94
94
94
94
94
94
94
94
94
94
94
94
94
94
94
94
94
94
94
94
94
94
94
94
94
94
94
94
94
94
94
94
94
94
94
94
94
94
94
94
94
94
94
94
94
94
94
94
94
94
94
94
94
94
94
94
94
94
94
94
94
94
94
94
94
94
94
94
94
94
94
94
94
94
94
94
94
94
94
94
94
94
94
94
94
94
94
94
94
94
94
94
94
94
94
94
94
94
94
94
94
94
94
94
94
94
94
94
94
94
94
94
94
94
94
94
94
94
94
94
94
94
94
94
94
94
94
94
94
94
94
94
94
94
94
94
94
94
94
94
94
94
94
94
94
94
94
94
94
94
94
94
94
94
94
94
94
94
94
94
94
94
94
94
94
94
94
94
94
94
94
94
94
94
94
94
94
94
94
94
94
94
94
94
94
94
94
94
94
94
94
94
94
94
94
94
94
94
94
94
94
94
94
94
94
94
94
94
94
94
94
94
94
94
94
94
94
94
94
94
94
94
94
94
94
94
94
94
94
94
94
94
94
94
94
94
182
182
182
182
182
182
182
182
182
182
182
182
182
182
182
182
0
0
0
0
183
183
183
183
183
184
184
184
184
184
184
184
80
80
80
80
80
80
80
80
0
0
0
0
0
0
0
0
0
0
0
0
0
0
0
0
0
0
0
0
0
0
0
0
0
0
0
0
0
0
0
0
0
0
0
0
0
0
0
0
0
0
0
0
0
0
0
0
0
0
0
0
185
0
185
0
185
0
185
0
0
185
0
0
185
0
0
0
185
185
185
185
0
185
185
185
0
185
0
185
0
0
0
0
0
0
0
0
0
0
0
0
0
0
0
0
0
0
185
185
185
185
185
185
185
185
185
185
185
185
185
185
185
185
185
185
185
185
185
185
185
185
185
0
185
0
185
0
185
185
185
0
0
0
0
185
0
0
185
185
185
0
0
185
185
0
185
185
185
185
185
0
0
0
0
0
0
0
0
0
0
0
0
0
0
0
0
185
185
185
185
185
185
185
185
185
185
185
185
185
185
185
185
185
185
185
0
185
185
185
185
185
0
0
0
185
185
185
185
0
0
0
0
0
185
185
185
185
185
185
185
185
0
0
0
0
0
0
0
0
0
0
0
0
0
0
0
0
0
185
185
185
185
185
185
185
185
185
185
185
185
185
185
185
185
185
185
185
185
185
0
0
0
0
0
0
0
0
0
186
0
0
0
0
0
0
0
0
0
0
0
0
0
0
0
0
0
0
0
0
0
186
186
186
186
186
186
186
186
0
0
0
0
0
0
0
0
0
187
187
187
187
187
187
187
187
187
187
187
187
187
187
187
187
187
187
187
187
187
187
187
187
187
187
187
187
187
187
187
187
187
187
187
187
187
187
187
187
187
187
187
187
187
187
187
187
187
187
187
187
187
187
187
187
187
187
187
187
187
187
187
187
187
187
187
187
187
187
187
187
187
187
187
187
187
187
187
187
187
187
187
187
187
187
187
187
187
187
187
187
187
187
187
187
187
187
187
187
187
187
187
187
187
187
187
187
187
187
187
187
187
188
188
188
188
188
188
188
188
188
188
188
188
188
188
188
188
188
188
188
188
188
188
188
188
188
188
188
188
188
188
188
188
188
188
188
188
188
40
40
40
40
40
40
40
40
40
0
0
0
0
0
0
189
189
189
189
189
190
191
191
191
191
189
189
190
190
189
191
190
191
191
191
189
190
189
190
190
190
190
191
191
0
0
0
0
0
0
0
0
0
0
0
192
192
192
192
192
152
152
152
152
152
152
24
24
24
24
24
152
193
193
193
193
193
193
193
193
193
193
152
193
193
193
193
193
193
193
193
193
193
152
193
193
193
193
193
193
193
193
193
193
24
193
193
193
193
193
193
193
193
193
193
152
193
193
193
193
193
193
193
193
193
193
152
193
193
193
193
193
193
193
193
193
193
24
193
193
193
193
193
193
193
193
193
193
152
193
193
193
193
193
193
193
193
193
193
152
193
193
193
193
193
193
193
193
193
193
152
193
193
193
193
193
193
193
193
193
193
152
152
152
152
152
152
152
152
152
152
152
152
152
152
152
24
24
152
152
152
152
152
152
152
24
24
24
152
152
152
152
152
152
152
24
152
24
152
152
152
152
152
152
152
152
152
24
152
152
152
24
152
152
152
152
152
152
24
24
152
152
152
152
152
152
152
152
24
152
24
152
152
152
152
152
152
152
152
152
152
152
152
152
152
24
24
152
152
152
152
24
152
24
152
24
152
152
24
24
152
152
152
152
152
152
24
152
152
152
152
152
152
24
152
24
24
152
152
152
24
152
152
24
152
24
152
152
24
152
24
24
24
152
24
152
24
24
152
152
24
152
152
24
152
24
24
152
24
152
152
152
152
