0
0
0
0
0
0
0
0
0
0
0
0
0
0
0
0
2
1
1
1
1
1
2
3
3
3
3
3
3
4
4
4
4
4
5
6
7
7
7
7
7
7
7
9
7
11
8
9
12
12
12
13
13
1
1
1
1
1
14
15
15
15
15
15
15
14
14
14
14
14
16
16
16
16
16
16
16
16
16
16
16
16
16
16
16
16
16
17
17
18
1
0
0
0
0
0
0
0
0
0
0
0
20
0
0
0
0
22
23
21
21
21
24
24
24
24
24
24
24
24
24
24
24
24
24
24
24
24
24
24
24
24
25
25
25
25
25
25
25
25
25
25
25
26
26
26
26
26
26
0
0
0
0
0
0
27
27
27
27
27
27
27
27
27
0
0
0
28
28
28
28
28
28
28
29
29
29
29
31
31
30
30
33
30
30
30
35
34
30
30
30
30
31
33
30
30
33
30
30
35
30
30
31
33
33
30
30
34
33
34
30
30
31
32
30
35
32
31
31
30
30
31
30
30
32
34
30
35
31
34
30
30
30
30
30
30
30
30
30
30
30
30
30
30
30
30
30
30
30
30
30
30
30
32
33
33
33
33
33
31
33
33
33
31
31
31
31
31
35
33
33
31
35
31
31
31
31
33
33
31
31
33
31
33
33
0
0
0
0
0
0
0
0
37
38
36
37
0
0
0
0
0
0
0
0
0
0
0
38
0
0
0
39
0
0
0
0
0
0
0
0
0
0
0
0
0
0
0
0
0
0
0
0
0
0
0
0
0
0
0
0
0
0
0
0
0
0
0
0
40
0
0
0
0
40
41
0
0
0
0
0
0
0
0
0
0
0
0
0
0
0
0
0
0
0
0
0
0
0
0
0
0
0
0
0
42
43
42
43
44
1
0
0
0
0
0
0
0
0
1
1
1
45
45
45
45
45
47
45
46
48
45
48
48
48
46
45
45
45
48
46
46
45
46
46
45
48
48
46
1
1
1
49
49
0
0
0
0
0
0
0
50
51
51
52
52
54
55
57
57
58
59
60
60
60
0
0
0
0
28
28
0
0
0
0
0
0
0
0
0
0
0
0
0
0
0
0
0
0
0
62
26
26
26
25
25
25
63
63
63
62
66
62
61
68
69
70
72
73
66
71
62
61
68
61
69
71
74
64
73
62
62
75
61
74
64
65
66
65
66
66
69
64
68
65
65
65
65
76
75
67
76
61
72
73
76
72
65
77
75
78
79
0
0
0
0
0
0
0
0
0
0
0
0
0
0
0
0
0
0
0
0
0
0
0
0
0
0
0
0
0
0
0
0
0
0
0
0
0
0
0
0
0
0
0
0
0
0
0
0
0
0
0
0
0
0
80
1
80
1
80
80
80
80
1
80
1
1
80
80
80
80
80
80
80
80
80
1
1
80
80
80
80
80
80
80
1
80
80
80
0
81
81
81
81
81
81
81
81
81
81
81
81
81
81
81
81
81
81
81
81
81
81
81
81
81
81
81
81
81
81
81
81
81
81
81
81
81
81
81
81
81
81
81
81
81
81
81
81
81
81
81
81
0
82
82
0
0
0
0
0
0
0
0
83
83
83
83
83
83
83
83
83
83
83
83
83
83
83
83
83
83
83
83
83
83
83
83
1
40
40
40
40
40
40
40
40
40
40
40
40
40
40
40
40
40
40
40
40
40
40
40
84
84
84
84
84
84
84
84
84
84
84
84
84
84
85
85
85
85
85
85
85
85
85
85
85
85
85
85
85
86
86
86
86
86
86
86
86
86
86
86
86
86
86
86
86
86
86
86
86
86
86
86
86
86
86
1
1
1
1
1
1
1
0
0
0
1
1
87
87
88
88
88
88
88
88
88
0
0
0
0
0
0
0
0
0
0
0
0
0
0
0
0
0
0
0
0
0
0
0
0
0
0
0
0
0
0
0
0
0
0
0
0
0
0
0
0
0
0
0
0
0
0
0
0
0
0
0
0
0
0
0
89
90
90
90
91
90
90
89
90
90
90
90
90
90
90
89
90
90
90
90
90
91
89
90
90
90
89
90
90
90
89
90
90
90
90
90
90
90
90
90
90
90
90
89
89
89
89
89
91
91
89
90
90
90
89
90
90
90
89
90
90
90
90
90
90
91
90
90
89
90
90
90
90
90
90
90
90
89
90
90
89
89
90
90
90
90
90
90
90
90
90
90
89
90
90
89
89
90
90
90
90
91
90
90
90
90
90
90
90
90
90
90
90
90
91
90
90
91
91
90
90
91
90
90
90
89
90
90
90
90
90
91
91
90
90
90
90
90
90
92
92
92
92
93
93
93
93
93
93
93
93
93
93
93
93
93
93
93
93
95
95
95
96
96
94
95
97
95
95
94
97
95
97
96
97
94
95
95
95
97
96
97
95
94
95
97
94
95
95
96
96
95
95
97
96
95
97
97
97
95
95
95
94
95
95
97
95
97
95
97
94
96
97
95
95
95
95
94
95
95
97
96
97
97
97
96
95
94
95
96
96
95
95
95
96
96
94
94
95
94
94
96
96
95
95
97
94
95
95
94
95
94
98
98
98
98
0
0
0
0
0
0
0
0
0
0
0
0
0
0
94
94
94
94
94
94
94
94
94
94
94
94
94
94
94
94
94
94
94
94
94
94
94
94
94
94
94
94
94
94
94
94
94
94
94
94
94
94
94
94
94
94
94
94
94
94
94
94
94
94
94
94
94
94
94
94
94
94
94
94
94
94
94
94
94
94
94
94
94
94
94
94
94
94
94
94
94
94
94
94
94
94
94
94
94
94
94
94
94
94
94
94
94
94
94
94
94
94
94
94
94
94
94
94
94
94
94
94
94
94
94
94
94
94
94
94
94
94
94
94
94
94
94
94
94
94
94
94
94
94
94
94
94
94
94
94
94
94
94
94
94
94
99
99
99
99
99
100
100
100
0
0
100
100
0
100
100
0
102
102
102
0
0
0
0
0
0
0
0
0
0
0
0
0
0
0
0
0
0
0
0
0
0
0
0
0
0
0
0
0
0
0
0
0
0
0
0
0
0
0
0
0
0
0
0
0
0
0
0
0
0
0
0
0
0
0
0
0
0
0
0
0
0
0
0
0
0
0
0
0
0
0
0
0
0
0
0
0
0
0
0
0
0
0
0
0
0
0
0
0
0
0
0
0
0
0
0
0
0
0
0
0
0
0
0
0
0
0
0
0
0
0
0
0
0
0
0
0
0
0
0
0
0
0
0
0
0
0
0
0
0
0
0
0
0
0
0
0
0
0
0
0
0
0
0
0
0
0
0
0
0
0
0
0
0
0
0
0
0
0
0
0
0
0
0
0
0
0
0
0
0
0
0
0
0
0
0
0
0
0
0
0
0
0
0
0
0
0
0
0
0
0
0
0
0
0
0
0
0
0
0
0
0
0
0
0
0
0
0
0
0
0
0
0
0
0
0
0
0
0
0
101
101
103
104
104
104
103
104
104
104
103
103
104
104
104
105
105
105
105
105
105
105
105
105
105
105
105
105
105
0
101
0
106
106
106
106
106
106
106
106
106
106
106
106
106
106
106
106
106
106
106
0
0
0
0
0
0
0
0
0
0
0
0
0
0
0
0
0
0
0
0
0
106
106
106
106
106
106
106
0
0
0
0
0
0
0
101
0
0
0
107
107
107
0
0
0
0
0
0
0
0
0
0
0
0
108
108
108
108
108
108
108
108
108
108
108
108
108
108
0
0
0
109
109
109
109
109
109
109
110
110
110
110
110
110
0
0
0
0
0
0
0
0
0
0
0
0
0
0
111
111
111
111
111
111
111
111
111
111
111
111
111
111
111
111
111
111
111
0
0
0
0
0
0
0
0
0
0
0
0
0
0
0
112
112
112
112
112
112
112
112
112
112
112
65
65
65
65
65
0
0
0
0
0
0
0
0
0
113
113
113
113
113
113
113
113
113
113
114
114
113
113
113
113
114
114
114
114
114
114
114
114
114
114
114
114
114
114
114
114
114
114
114
114
114
114
114
114
114
114
114
114
114
114
114
114
114
114
114
114
114
114
114
114
114
114
114
114
114
114
114
114
114
114
114
114
114
114
114
114
114
114
114
114
114
114
114
114
114
114
114
114
114
114
114
114
114
114
114
114
114
114
114
114
114
114
114
114
114
114
114
114
114
114
114
114
114
114
114
114
114
114
114
114
114
114
114
114
114
114
114
114
114
114
114
114
114
114
114
114
114
114
114
114
114
114
114
114
114
114
114
114
114
114
114
114
114
114
114
114
114
114
114
114
114
114
114
114
114
114
114
114
114
114
114
114
114
114
114
114
114
114
114
114
114
114
114
114
114
114
114
114
114
115
115
115
115
115
115
115
0
0
115
115
115
115
115
115
116
116
116
116
117
117
118
118
118
0
0
0
0
0
0
0
0
0
0
0
0
0
0
0
0
0
0
0
0
0
0
0
0
0
119
119
119
119
119
60
60
60
0
0
0
0
0
0
0
0
0
0
0
0
0
0
0
0
0
0
0
0
120
120
120
120
120
120
120
120
120
120
0
0
0
0
0
121
121
121
121
121
121
121
121
121
121
121
121
121
121
121
121
121
121
121
121
121
121
121
121
121
121
121
121
121
121
121
121
121
121
121
121
121
122
122
122
122
123
123
123
123
123
124
124
124
124
124
124
0
0
0
100
100
0
0
0
0
0
0
0
125
125
125
125
125
125
125
125
125
125
125
125
125
125
125
125
125
125
125
0
126
0
126
126
126
0
126
126
127
127
127
127
128
128
128
128
129
129
128
128
128
130
130
128
128
128
128
130
128
128
0
0
0
0
0
0
0
132
133
132
133
133
133
133
133
133
133
133
133
132
132
132
133
0
0
0
0
0
0
0
0
0
0
0
0
0
0
0
0
0
0
0
0
0
0
0
0
0
0
0
0
0
0
0
0
0
0
0
0
0
0
0
0
0
0
0
0
0
0
0
0
0
134
0
0
0
0
0
0
0
0
134
134
0
0
0
135
137
135
102
0
0
0
138
138
138
138
138
139
139
139
139
139
139
139
139
139
139
139
139
0
0
0
0
140
143
144
144
144
144
144
144
144
144
145
146
146
0
0
0
0
0
0
148
148
148
148
148
148
147
148
148
148
148
148
148
148
147
147
147
147
147
147
147
147
147
147
147
147
0
0
149
149
149
149
149
149
149
149
149
149
149
150
150
150
150
150
150
150
0
0
0
0
0
0
0
0
0
0
0
0
0
0
0
0
0
0
0
0
0
0
0
0
0
0
151
151
151
151
151
151
151
151
151
151
151
151
151
151
151
151
151
151
0
0
0
0
0
0
0
0
0
0
0
0
0
0
0
0
0
0
0
0
0
0
0
0
0
0
0
0
0
0
0
0
0
0
0
0
0
0
0
0
0
0
0
0
152
0
0
0
0
153
0
153
153
153
153
153
0
0
0
0
0
0
0
0
0
0
0
0
0
0
0
0
0
0
0
0
0
0
0
80
80
80
80
80
80
80
80
80
80
80
0
0
0
0
0
0
0
0
155
156
156
155
155
157
157
157
157
157
157
157
157
157
157
157
0
0
0
0
0
0
0
0
0
0
0
0
0
0
0
0
0
146
146
146
146
146
146
146
146
146
146
146
146
146
146
146
0
0
146
146
146
0
146
146
0
158
158
158
158
0
159
159
159
159
159
160
160
160
160
160
160
160
0
0
0
0
161
161
161
0
149
149
149
149
149
149
149
149
149
149
149
149
149
149
149
149
149
149
149
149
149
149
149
149
149
149
149
149
149
149
149
149
149
149
149
149
149
149
149
149
149
149
149
149
149
149
149
149
149
149
149
149
149
149
149
149
149
149
149
149
149
149
149
149
149
149
0
0
0
0
0
0
0
0
0
0
0
0
0
0
0
0
0
0
0
0
0
0
0
0
0
0
0
0
0
0
0
162
162
139
139
139
139
0
0
40
40
40
40
40
40
40
40
40
40
40
40
40
163
163
163
163
0
0
0
0
0
0
164
164
165
164
165
164
166
168
169
165
164
165
165
164
165
169
166
168
165
165
166
165
165
164
164
165
165
170
164
171
0
171
0
171
0
172
172
172
172
172
172
172
172
172
172
172
172
172
172
172
172
172
172
172
172
172
172
172
172
172
172
172
172
172
172
172
172
172
172
172
172
172
172
172
172
172
172
172
172
172
172
172
172
172
172
172
172
172
172
172
172
172
172
172
172
172
172
0
0
0
0
0
0
0
0
0
0
0
0
0
0
0
0
0
0
0
0
0
0
0
0
0
0
0
0
0
0
0
0
173
174
174
174
174
174
175
175
175
0
0
0
0
0
173
173
173
176
176
176
176
176
103
103
103
175
175
175
175
177
177
177
177
177
178
178
178
178
0
0
0
0
179
179
179
180
0
0
0
0
0
0
181
181
181
181
181
181
0
0
0
0
0
0
0
0
0
0
0
94
94
94
94
94
94
94
94
94
94
94
94
94
94
94
94
94
94
94
94
94
94
94
94
94
94
94
94
94
94
94
94
94
94
94
94
94
94
94
94
94
94
94
94
94
94
94
94
94
94
94
94
94
94
94
94
94
94
94
94
94
94
94
94
94
94
94
94
94
94
94
94
94
94
94
94
94
94
94
94
94
94
94
94
94
94
94
94
94
94
94
94
94
94
94
94
94
94
94
94
94
94
94
94
94
94
94
94
94
94
94
94
94
94
94
94
94
94
94
94
94
94
94
94
94
94
94
94
94
94
94
94
94
94
94
94
94
94
94
94
94
94
94
94
94
94
94
94
94
94
182
182
182
182
182
182
182
182
182
0
0
0
183
183
183
183
184
184
184
184
184
184
80
80
80
80
80
80
0
0
0
0
0
0
0
0
0
0
0
0
0
0
0
0
0
0
0
0
0
0
0
0
0
0
0
0
0
0
0
0
0
185
185
0
0
185
0
0
0
0
185
0
0
0
185
185
185
185
0
185
0
0
0
0
0
0
0
0
0
0
0
185
185
185
185
185
185
185
185
185
185
185
185
185
185
185
185
185
185
0
185
185
0
185
185
185
0
0
185
0
185
185
185
0
185
185
185
185
185
0
0
0
0
0
0
0
0
0
0
0
0
185
185
185
185
185
185
185
185
185
185
185
0
185
185
185
185
0
185
0
0
185
185
185
185
185
185
0
0
0
0
0
0
0
0
0
0
185
185
185
185
185
185
185
185
185
185
185
185
0
0
186
0
0
0
0
0
0
0
0
0
0
0
0
0
0
186
186
186
186
186
186
0
0
0
0
0
0
187
187
187
187
187
187
187
187
187
187
187
187
187
187
187
187
187
187
187
187
187
187
187
187
187
187
187
187
187
187
187
187
187
187
187
187
187
187
187
187
187
187
187
187
187
187
187
187
187
187
187
187
187
187
187
187
187
187
187
187
187
187
188
188
188
188
188
188
188
188
188
188
188
188
188
188
188
188
188
188
188
188
40
40
40
40
0
0
189
189
189
189
190
191
189
189
190
191
190
191
191
191
189
190
190
190
190
0
0
0
0
0
192
192
192
152
152
152
24
24
24
152
193
193
193
193
193
193
193
193
152
193
193
193
193
193
193
193
193
193
193
24
193
193
193
193
193
193
193
193
193
193
193
193
193
193
193
193
193
193
193
193
193
24
193
193
193
193
152
193
193
193
193
193
193
193
193
193
152
193
193
193
193
193
193
152
193
193
193
193
193
193
152
152
152
152
152
152
152
152
152
152
152
152
24
24
152
152
152
152
24
152
152
152
152
152
24
152
152
152
152
152
152
152
24
152
152
152
152
24
24
152
152
152
152
24
152
24
152
152
152
152
152
152
152
152
152
24
24
152
152
24
152
152
24
24
152
152
152
152
152
24
152
152
152
152
152
24
24
152
152
24
152
24
24
152
152
24
24
24
24
152
24
152
152
152
24
152
152
152
